105
109
11
111
112
114
118
123
125
126
127
129
13
130
132
1379
138
138-1
138-2
138-3
138-4
1380
1382
1383
1384
1386
1387
1388
1389
139
1390
1391
1392
1393
1398
1399
1400
1401
1404
1408
1409
1412
1416
1417
1418
1430
1431
1434
1438
1439
1441
1443
1448
1450
1451
1452
1453
1454
1457
1458
1459
1460
1461
1462
1464
1465
1467
147
1471
1472
1477
1478
1479
148
1480
1481
1482
1483
1483-1
1483-2
1483-3
1484
149
15
1527
1528
154
1541
1543
1546
1555
1558
1559
156
1574
1580
1581
159
1592
1593
1596
1597
160
1600
161
1619
162
1620
1621
1622
1623
163
1633
164
1642
1643
1645
1646
1647
1665
1671
1672
168
1680
1681
1682
1683
1685
169
1695
1699
1702
1703
1708
171
1711
172
1721
173
174
1763
1764
1776
1783
1784
1785
1786
1787
1788
1789
1793
18
180
1804
1807
1808
1809
1811
1812
1813
182
1826
1827
1829
1831
1834
1835
1839
184
1843
1850
1850-1
1850-2
1850-3
1855
1857
1859
1860
1861
1863
1867
1868
1870
1871
1872
1874
1877
1883
1884
1885
1888
1889
189
1890
1891
19
191
1915
1917
192
1920
1921
1922
193
1947
1960
1962
1963
1967
1968
1969
1972
198
1987
1995
1997
200
2003
2004
2009
2017
2019
202
2020
2021
2025
2027
2028
2030
2031
2032
2033
2037
2038
2039
2040
2041
2042
2043
2044
2045
2046
2047
2048
2050
2051
2052
2053
2055
2056
2057
2058
2059
2063
2067
2068
2069
2071
2072
2073
2074
2075
2076
2078
2079
2080
2081
2082
2084
2085
2086
2088
2089
209
2090
2091
2092
2093
2094
2095
2096
2099
21
2103
2104
2105
2106
2107
2108
2109
211
2110
2111
2112
2113
2114
2115
2116
2118
2123
213
2133
2134
2135
2136
2137
2141
2142
2143
2144
2147
2148
2149
2150
2151
2152
2153
2156
2157
2158
2159
2161
2162
2164
2165
2166
2167
2168
2172
2173
2176
2179
2185
2186
2188
2190
2191
2194
2196
2197
2198
2199
22
2200
2201
2204
2205
2206
2207
2210
2211
2212
2213
2219
2220
2221
2227
2229
2230
2231
2233
2238
2240
2243
2244
2245
2246
2247
2248
2251
2253
2254
2258
2259
2260
2261
2262
2264
2265
2268
2270
2271
2272
2274
2275
2276
2278
2279
2280
2281
2282
2288
2289
2291
2298
23
2301
2301-1
2301-10
2301-11
2301-12
2301-13
2301-2
2301-3
2301-4
2301-5
2301-6
2301-7
2301-8
2301-9
2302
2303
2305
2309
231
231-1
231-2
231-3
231-4
231-5
2314
2317
2318
2322
2326
233
2330
2331
2332
2337
234
2341
2342
2343
2344
2347
2348
2350
2352
2353
2358
236
2361
2362
2362-1
2362-2
2362-3
2362-4
2362-5
2362-6
2362-7
2363
2364
2366
2368
237
2372
2378
2379
2385
2388
2392
2394
2399
2404
2406
2416
2420
2431
2432
2433
2437
2438
2441
2445
2446
2450
2451
2452
2453
2454
2457
2458
2459
2463
2464
2465
2467
2469
2472
2473
2476
2477
248
2481
2482
2483
2484
2485
2486
2487
2488
2489
2489-1
2489-2
2489-3
2489-4
2489-5
2489-6
249
2490
2491
2492
2493
2496
2497
2498
25
250
2501
2504
2507
2508
2511
2513
2515
2516
2517
2519
2521
2522
2528
2529
253
2532
2534
2535
2536
2537
2538
2541
2543
2546
2547
255
2550
2555
2556
2558
2561
2562
2565
2566
2567
2568
2569
2572
2575
2576
2577
2578
2579
2580
2581
2583
2584
2585
2586
2587
2588
2592
2594
2595
2596
2599
2599-1
2599-2
2599-3
2599-4
2599-5
2599-6
2601
2603
2604
2605
2606
2607
2609
261
261-1
261-10
261-11
261-12
261-2
261-3
261-4
261-5
261-6
261-7
261-9
2610
2612
2612-1
2612-2
2612-3
2614
2619
2620
2626
2627
2628
2629
263
2631
2632
2634
2635
2637
2638
2639
264
2642
2645
2646
2647
2649
2650
2652
2653
2654
2655
2656
2658
2660
2661
2662
2663
2664
2666
2668
2670
2671
2673
2674
2675
2676
2677
2679
268
2683
2684
2685
2687
2689
269
2690
2693
2695
2696
2700
2702
2719
2721
2723
2724
2726
273
2731
2733
2735
2739
2743
2744
2745
2746
2747
2749
2750
2751
2752
2753
2754
2756
2757
2758
2759
276
2760
2761
2762
2763
2764
2765
2766
2771
2772
2773
2774
2782
2783
2784
2785
2786
2789
2792
2795
2809
2814
2817
2818
2819
2820
2821
2822
2825
2826
2827
2829
2831
2832
2838
2840
2842
2844
2845
2847
2850
2851
2854
2868
2869
2870
2872
2874
2875
2876
2882
2888
2889
2890
2891
2892
2895
2896
2897
2898
29
2900
2902
2903
2905
2906
2907
2913
2921
30
305
307
309
310
311
313
321
322
323
327
330
333
3339
3345
3346
3350
3351
3352
3353
3354
3355
3356
3357
3359
3360
3361
3373
3383
3385
3387
3388
3402
3403
3420
3431
3432
3433
3434
3440
3443
3447
3450
3455
3458
3459
3461
3462
3463
3464
3465
3466
3467
3471
3475
3478
348
3480
3481
3487
3488
349
3490
3492
3497
3498
3499
35
3501
3502
3506
3507
3508
3509
3513
3514
3517
3519
352
3520
353
354
3547
3549
355
3550
3551
3559
356
3562
3563
3566
3568
357
3574
3575
3577
358
3581
3582
3586
3587
359
360
365
367
368
369
3725
375
376
377
380
3806
3809
381
3811
3815
3816
3817
3818
382
3820
3821
3823
3825
3826
3827
383
3837
3847
3848
3849
3850
3855
3857
3860
3861
3866
3868
3874
3876
3880
3881
3882
3884
3885
3888
3889
39
3907
3911
3919
3922
3924
3925
3926
3927
3928
3929
3931
3933
3936
3937
3941
3942
3946
3947
3955
3956
3957
3958
3959
3960
3961
3962
3964
3978
3996
3997
3997-1
3997-2
4
40
4000
4001
4003
4004
4007
4008
4010
4011
4042
4043
4044
4045
4046
4048
4052
4055
4057
4062
4063
4064
4066
4073
4074
4080
4081
4082
4083
4084
4085
4086
4088
4089
4090
4093
4095
4096
4097
4098
4099
41
4105
4106
4110
4111
4112
4113
4114
4115
4116
4119
4120
4121
4123
4124
4125
4131
4137
4139
4143
4147
4149
4150
4151
4153
4156
4163
4164
4165
4169
4170
4171
4172
4174
4175
4177
4179
4182
4184
4185
4186
4187
4188
4189
419
4190
4196
4197
4198
4199
42
4200
4201
4202
4203
4204
4205
4206
4207
4208
4209
4210
4211
4213
4214
4219
4220
4222
4223
4224
4225
4227
4231
4232
4233
4239
4272
4273
4274
4275
4276
4277
4278
4293
4299
43
4300
4301
4305
4306
4307
4308
4309
4311
4312
4314
4315
4316
4317
4318
4319
4321
4322
4324
4325
4326
4327
4330
4331
4332
4333
4334
4336
4338
4340
4341
4342
4343
4344
4345
4346
4348
4349
4350
4354
4355
4356
4357
4358
4359
4364
4365
4366
4367
4368
4369
4372
4374
4376
4379
4380
4381
4382
4384
4385
4386
4387
4388
4389
4390
4392
4393
4394
4399
4400
4401
4405
4406
4407
4408
441
4413
4414
4415
4417
4419
4420
4421
4422
4423
4424
4425
4427
4428
4430
4431
4432
4433
4434
4435
4441
4442
4443
4445
4447
4451
4453
4454
4455
4456
4457
4458
4459
446
4460
4461
4462
4463
4464
4467
4469
4470
4472
4473
4477
4478
4480
4481
4486
4488
449
4490
4492
4493
4494
4495
4496
4499
4500
4501
4502
4503
4510
4512
4514
4516
4517
4518
4519
4523
4527
4528
4529
4530
4531
4532
4533
4534
4535
4536
4537
4538
4539
4543
4544
4545
4546
4547
4548
4549
4550
4551
4552
4553
4554
4555
4556
4559
4560
4561
4562
4564
4566
4567
4568
4569
4570
4571
4572
4573
4574
4575
4576
4577
458
4580
4580-1
4580-2
4582
4586
4588
4589
4590
4591
4593
4594
4595
4597
4598
4598-1
4598-2
46
4600
4601
4604
4606
4608
4610
4611
4613
4614
4615
4616
4619
462
4620
4621
4622
4624
4625
4627
4628
4629
4630
4631
4632
4633
4634
4636
4637
4638
4639
4642
4644
4645
4647
4650
4652
4653
4654
4660
4663
4665
4666
4667
4669
4670
4674
4677
4678
4679
4680
4681
4682
4683
4684
4686
4687
4688
4689
4690
4691
4693
4694
4695
4696
47
4701
4702
4703
4705
4707
4709
4710
4714
4715
4716
4718
4719
4721
4722
4723
4724
4725
4726
4727
4728
4730
4731
4733
4734
4735
4736
4740
4741
4746
4747
4748
4749
4754
4756
4758
4759
4761
4762
4763
4764
4771
4774
478
4784
4785
4786
4788
4789
4790
4795
48
480
4804
4805
481
4811
4814
4815
4816
4817
4818
482
4820
4821
4822
4824
4824-1
4824-2
4824-3
4824-4
4825
4826
4826-1
4826-2
4826-3
4826-4
4826-5
4826-6
4827
4828
4828-1
4828-2
4829
4830
4832
4833
4834
4835
4837
4838
4849
4850
4851
4852
4853
4854
4857
4858
4859
4860
4861
4865
4866
4867
4868
4869
4870
4871
4872
4875
4876
4877
4878
4879
4880
4881
4882
4884
4884-1
4884-2
4884-3
4885
4886
4887
4888
4889
4890
4892
4893
4894
4895
4896
4898
4899
49
4900
4901
4902
4903
4904
4905
4906
4907
4908
4909
4911
4912
4913
4915
4916
4917
4918
4919
4923
4928
4929
4930
4931
4932
4933
4934
4935
4936
4937
4940
4943
4947
4948
4949
4951
4952
4953
4954
4955
4956
4957
4958
4959
4960
4962
4963
4964
4965
4966
4967
4968
4969
497
4971
4972
4975
4976
4977
4981
4984
4986
4988
499
4990
4992
4992-1
4992-2
4992-3
4992-4
4993
4994
4995
4996
4997
4998
4999
50
5000
5004
5005
5006
5010
5011
5012
5013
5015
5016
5017
5018
5019
5020
5021
5023
5024
5026
5026-1
5026-2
5026-3
5026-4
5027
5029
5030
5038
5039
5041
5081
5082
5088
5089
509
5090
5106
5107
5112
5115
5120
5123
5125
5128
5129
5135
5136
5138
5139
5140
5142
5143
5144
5145
5148
5149
5150
5151
5153
5156
5157
5158
5159
516
5161
5162
5164
5165
5167
5167-1
5167-2
5167-3
5168
5169
5170
5171
5174
5243
5244
5252
5253
5254
5256
5257
5258
5260
5272
5273
5275
5278
5283
5284
5288
5289
5292
5293
5294
5295
5297
53
530
5300
5301
5302
5303
5307
5308
5309
5310
5311
5312
5313
5313-1
5313-2
5314
5315
5316
5317
5318
5319
5320
5324
5326
5328
5329
533
5337
5341
5342
5343
5344
5346
5347
5350
5353
5358
5362
5365
5366
5367
537
5370
5371
5378
5379
5385
5386
5387
5388
5390
5393
5394
5396
5397
5398
5399
5402
5404
5406
5407
5409
5411
5412
5414
5416
5416-1
5416-2
5416-3
5417
5418
5419
5420
5421
5423
5424
5426
5427
5428
5429
543
5431
5432
5433
5434
5435
5436
5438
5439
5441
5442
5443
5444
5445
5446
5447
5448
5450
5452
5453
5454
5455
5457
5458
5459
5460
5461
5462
5463
5471
5474
5476
5483
5484
5486
5487
5489
5490
5491
5493
5494
5495
5496
5497
5499
550
5500
5501
5502
5503
5504
5505
5506
5507
5508
5509
5510
5511
5512
5513
5515
5516
5520
5521
5522
5523
5524
5525
5526
5539
5540
5541
5542
5543
5544
5545
5546
5548
5548-1
5548-2
5548-3
5552
5553
5555
5556
5557
5558
5559
5563
5565
5566
5567
5568
5569
5570
5573
5574
5576
5579
558
5580
5581
5582
5583
5587
5588
5590
5592
5593
5594
5595
5596
5597
5598
56
5600
5601
5602
5603
5605
5606
5607
5608
5610
5611
5612
5613
5614
5615
5616
5617
5618
5620
5621
5622
5623
5624
5625
5626
5627
5628
5630
5631
5633
5636
5637
5638
5641
5643
5644
5645
5646
5647
5648
5649
5652
5653
5654
5655
5656
5657
5659
5662
5663
5664
5665
5666
5667
5673
5677
5678
5679
5680
5681
5682
5683
5684
5686
5687
5688
5689
5690
5691
5692
5693
5694
5695
5696
5697
5698
57
5700
5701
5702
5703
5704
5705
5706
5707
5708
5710
5719
572
5720
5721
5722
5723
5724
5725
5726
5727
5728
5729
573
5730
5731
5732
5734
5736
5741
5746
5747
5748
5756
5757
5758
5758-1
5758-2
5763
5764
5765
5766
5768
5769
5772
5773
5774
5775
5778
5779
5780
5781
5782
5783
5784
5785
5786
5787
5789
5790
5795
5797
5798
58
5800
5801
5802
5811
5814
5815
5818
5823
5828
583
5832
5836
5837
5838
5839
584
5840
5842
5844
5846
5847
5848
585
586
59
6001
6003
6004
6005
6006
6007
6009
6014
6015
6016
6018
6020
6021
6023
6025
6026
6027
6028
6029
603
6031
6032
6033
6034
6035
6037
6039
6040
6043
6045
6046
6047
6048
6049
6050
6051
6052
6053
6056
6057
6059
606
606-1
606-2
606-3
606-4
6060
6061
6063
6064
6065
6066
6069
607
607-1
607-2
607-3
607-4
607-5
607-6
607-7
607-8
6070
6071
6072
6073
6078
6079
6080
6081
6082
6083
6086
6087
6089
6091
6091-1
6091-2
6091-3
6092
6095
6096
6097
6099
6100
6101
6102
6105
6108
6135
6136
6137
6138
6141
6142
6143
6150
6151
6152
6155
6156
6157
6158
6159
6160
6161
6162
6168
6169
617
6170
6171
6174
6176
6177
6180
6182
6183
6184
6186
6187
6189
6190
6191
6191-1
6191-2
6191-3
6191-4
6191-5
6192
6193
6194
6196
6197
6198
6199
62
6200
6201
6202
6203
6205
6210
6211
6212
6213
6214
6215
6216
6217
6218
6219
6220
6221
6222
6223
6224
6225
6226
6227
6228
6229
6230
6231
6232
6233
6233-1
6233-2
6234
6235
6236
6237
6238
6239
6240
6243
6245
6246
6247
6250
6251
6253
6254
6255
6256
6257
6258
6259
626
6260
6261
6262
6263
6264
6265
6266
6267
6268
6271
6272
6273
6274
6275
6276
6277
6278
6279
6280
6281
6282
6283
6285
6286
6287
6288
6289
6290
6291
6293
6294
6295
6296
6297
6298
6299
63
6300
6301
6302
6303
6304
6305
6306
6307
6308
6309
6310
6311
6312
6314
6315
6316
6321
6323
6324
6325
6326
6327
6328
6329
633
6330
6331
6332
6333
6334
6335
6337
6338
6339
634
6340
6341
6343
6344
6346
6347
6348
6349
635
6350
6351
6352
6353
6354
6355
6356
6357
6358
6359
636
6360
6361
6362
6363
6364
6365
6366
6366-1
6366-2
6367
6368
6369
637
6370
6373
6374
6375
6376
6378
6379
638
6380
6381
6383
6384
6385
6386
6387
6388
6390
6391
6392
6393
6395
6396
6397
6398
6399
6400
6401
6402
6403
6404
6404-1
6404-2
6404-3
6404-4
6405
6406
6407
6407-1
6407-2
6407-3
6408
6409
6410
6410-1
6410-2
6410-3
6410-4
6410-5
6410-6
6410-7
6411
6411-1
6411-2
6411-3
6411-4
6411-5
6411-6
6411-7
6412
6417
6418
6419
6420
6421
6422
6423
6424
6426
6427
6428
6428-1
6428-2
6428-3
6428-4
6429
6430
6432
6433
6434
6435
6436
6437
6438
6439
6440
6441
6442
6443
6444
6445
6446
6449
6450
6451
6452
6453
6454
6455
6456
6457
6460
6461
6462
6463
6464
6465
6466
6469
6470
6471
6473
6474
6475
6476
6477
6478
6479
6480
6481
6483
6485
6488
6489
6490
6491
6492
6493
6494
6496
6497
6498
6499
6501
6502
6503
6504
6505
6506
6510
6511
6512
6513
6515
6518
6519
6521
6522
6523
6524
6525
6527
6531
6532
6533
6534
6535
6536
6537
6538
6538-1
6538-2
6538-3
6538-4
6538-5
6538-6
6538-7
6538-8
6538-9
6539
654
6540
6542
6543
6544
6545
6546
6546-1
6546-2
6546-3
6547
6548
6549
655
6550
6551
6552
6553
6554
6555
6556
6557
6559
6560
6561
6562
6564
6575
6577
658
6580
6582
6584
6586
6588
6589
6590
6594
6595
6596
6597
660
6600
6601
6606
6607
6608
6609
661
6610
6611
6612
6613
6614
6615
6616
6618
6619
6620
6623
6624
6625
6627
6628
6629
663
6630
6631
6632
6633
6634
6635
6636
6637
6638
6639
6640
6641
6643
6646
6647
6648
6649
6650
6651
6652
6653
6654
6655
6656
6657
6658
6659
6660
6661
6662
6663
6664
6665
6666
6671
6672
6673
6674
6675
6676
6677
6678
6680
6681
6682
6683
6685
6686
6687
6688
6689
669
6690
6691
6692
6693
6694
6695
6696
6697
6698
6699
67
6700
6701
6702
6703
6706
6707
6708
6709
6710
6711
6712
6722
6722-1
6722-2
6722-3
6722-4
6722-5
6724
6725
6726
6727
6728
6729
6730
6731
6732
6734
6735
6860
6861
6862
6863
6864
6865
6866
6867
6868
6869
6870
6871
6872
6873
6874
6880
6881
6887
6888
6889
6889-1
6889-2
6889-3
6889-4
6894
6895
6896
6897
6898
6899
69
6900
6902
6903
6904
6905
6906
6907
6908
6909
6910
6911
6912
6912-1
6912-2
6912-3
6912-4
6913
6913-1
6913-2
6913-3
6914
6917
6918
6919
6921
6922
6923
6924
6925
6926
6927
6928
6929
6930
6932
6933
6934
6935
6936
6937
6939
6940
6941
6942
6943
6944
6945
6946
6947
6948
6949
6950
6951
6952
6953
6954
6954-1
6954-2
6956
6958
6959
6960
6965
6966
6967
6968
6969
6970
6976
6977
6978
6978-1
6978-2
6978-3
6978-4
6978-5
6978-6
6979
6980
6980-1
6980-2
6980-3
6980-4
6980-5
6980-6
6980-7
6981
6982
6983
6984
6984-1
6984-2
6984-3
6985
6986
6987
6988
6989
6990
6991
6992
6993
6994
6995
6997
6998
6999
70
7000
7001
7004
7006
7007
7008
7009
7010
7011
7011-1
7011-2
7012
7031
7032
7033
7034
7035
7036
7037
7039
7051
7052
7053
7054
7055
7056
7057
7058
7059
7060
7061
7062
7063
7064
7072
7073
7074
7075
7076
7077
7078
7079
7080
7081
7082
7083
7084
7085
7086
7087
7093
7095
7096
7097
7098
71
7100
7101
7103
7104
7105
7106
7108
7109
7110
7114
7115
7116
7117
7118
7119
7121
7122
7123
7124
7125
7126
7127
7128
7129
7130
7131
7132
7133
7135
7136
7137
7138
7139
7140
7141
7142
7143
7144
7145
7146
7147
7148
7149
7150
7151
7152
7153
7153-1
7153-2
7154
7154-1
7154-2
7159
7162
7164
7165
7166
7167
7168
7169
7170
7171
7173
7178
7179
7180
7181
7182
7183
7185
7186
7190
7191
7192
7193
7194
7195
7196
7197
7198
7199
7200
7201
7202
7203
7204
7205
7207
7208
7212
7216
7220
7222
7223
7224
7225
7226
7227
7228
7229
7230
7231
7232
7233
7234
7235
7236
7237
7238
7239
7243
7244
7246
7247
7248
7250
7252
7253
7254
7255
7256
7257
7257-1
7257-2
7260
7267
7267-1
7267-2
7267-3
7267-4
7267-5
7267-6
7274
7275
7276
7278
7279
7280
7281
7282
7285
7286
7288
7289
7290
7291
7292
7294
7295
7296
7297
7298
7299
7300
7301
7303
7304
7305
7306
7308
7309
7310
7311
7312
7313
7314
7315
7316
7317
7319
7320
7321
7322
7323
7324
7325
7327
7334
7335
7336
7337
7338
7339
7340
7341
7342
7343
7344
7345
7346
7347
7348
7349
7351
7352
7353
7354
7355
7356
7357
7358
7359
7360
7361
7362
7363
7364
7366
7367
7368
7369
7370
7371
7372
7373
7374
7375
7376
7377
7378
7379
7381
7382
7383
7384
7385
7386
7387
7388
7389
7390
7391
7392
7393
7394
7395
7396
7397
7398
7399
74
7400
7401
7402
7404
7405
7406
7407
7408
7409
7411
7412
7413
7414
7416
7417
7418
7419
7420
7421
7422
7423
7424
7425
7426
7427
7428
7429
7430
7431
7432
7433
7434
7435
7436
7437
7438
7440
7441
7442
7443
7444
7447
7448
7449
7450
7451
7452
7453
7454
7455
7456
7457
7458
7459
7460
7461
7462
7464
7465
7466
7467
7468
7469
7470
7471
7472
7473
7475
7477
7478
7479
7480
7481
7482
7483
7484
7485
7486
7487
7488
7489
7490
7491
7492
7493
7494
7495
7496
7497
7498
7499
7500
7501
7502
7503
7504
7505
7506
7507
7508
7509
7510
7511
7512
7513
7514
7515
7516
7517
7518
7519
7520
7521
7522
7523
7524
7525
7526
7527
7528
7529
7530
7531
7532
7533
7534
7535
7536
7538
7539
7540
7541
7542
7543
7544
7545
7546
7547
7548
7549
7550
7551
7552
7553
7554
7555
7557
7558
7559
7562
7563
7564
7566
7567
7568
7569
7570
7571
7572
7573
7574
7575
7576
7577
7578
7579
7580
7581
7582
7583
7584
7586
7587
7588
7589
7590
7591
7592
7593
7594
7595
7596
7597
7598
7599
7600
7601
7602
7603
7604
7605
7606
7607
7608
7609
7610
7611
7612
7613
7614
7615
7616
7618
7620
7621
7622
7623
7624
7625
7628
7629
7630
7633
7635
7636
7637
7638
7639
7640
7641
7642
7643
7644
7645
7646
7647
7648
7649
7650
7651
7652
7653
7654
7655
7656
7657
7658
7659
7660
7661
7662
7663
7664
7665
7666
7667
7668
7669
7670
7671
7672
7673
7674
7675
7676
7677
7678
7679
7680
7681
7682
7683
7684
7685
7686
7688
7689
7690
7691
7695
7696
77
7731
7731-1
7731-2
7731-3
7738
7745
7746
7747
7748
7749
7750
7751
7758
7759
7760
7761
7762
7764
7765
7777
7779
7781
7782
7784
7787
7788
7789
7790
7791
7792
7793
7794
7795
7796
7797
7798
7799
7800
7801
7802
7803
7804
7805
7806
7807
7808
7809
7810
7811
7817
7818
7819
7820
7821
7822
7823
7824
7826
7827
7828
7829
7830
7831
7832
7833
7834
7835
7836
7837
7838
7839
7840
7841
7842
7843
7855
7856
7857
7858
7859
7860
7861
7862
7863
7864
7865
7879
7880
7881
7883
7885
7886
7888
7889
7889-1
7889-2
7892
7893
7894
7895
7896
7897
7898
7899
7902
7904
7905
7906
7907
7907-1
7907-2
7917
7918
7919
7920
7927
7930
7931
7932
7936
7936-1
7936-2
7946
7947
7948
7949
7950
7951
7952
7953
7958
7959
7960
7961
7962
7963
7965
7968
7971
7973
7979
7981
7982
7989
7990
7991
7992
7993
7994
7995
7996
7997
7998
8
8001
8002
8009
8010
8013
8016
8019
8024
8025
8026
8027
8028
8029
8030
83
9
